hosp_f,rea_f,dc_f,rad_f,hosp_h,rea_h,jour,rad_h,dc_h,hosp_tot,rea_tot,rad_tot,dc_tot,day
1685,525,121,432,2972,771,2020-03-18,816,218,4657,1296,1248,339,18/03/2020
2256,689,179,580,4073,1002,2020-03-19,1180,327,6329,1691,1760,506,19/03/2020
2912,905,250,777,5226,1297,2020-03-20,1587,450,8138,2202,2364,700,20/03/2020
3298,1018,297,881,5900,1453,2020-03-21,1811,525,9198,2471,2692,822,21/03/2020
3906,1176,356,1031,6954,1674,2020-03-22,2117,632,10860,2850,3148,988,22/03/2020
4882,1465,497,1270,8673,2080,2020-03-23,2567,860,13555,3545,3837,1357,23/03/2020
5843,1773,661,1609,10163,2503,2020-03-24,3281,1100,16006,4276,4890,1761,24/03/2020
7064,2127,818,2000,12072,2935,2020-03-25,4085,1388,19136,5062,6085,2206,25/03/2020
8152,2437,1002,2424,13879,3351,2020-03-26,4947,1696,22031,5788,7371,2698,26/03/2020
9288,2735,1175,2820,15701,3758,2020-03-27,5698,1995,24989,6493,8518,3170,27/03/2020
10400,3105,1374,3289,17580,4236,2020-03-28,6624,2314,27980,7341,9913,3688,28/03/2020
11470,3397,1561,3528,19311,4592,2020-03-29,7131,2606,30781,7989,10659,4167,29/03/2020
12457,3756,1818,3940,20946,5056,2020-03-30,7923,3024,33403,8812,11863,4842,30/03/2020
13459,4069,2143,4734,22672,5496,2020-03-31,9443,3523,36131,9565,14177,5666,31/03/2020
14568,4395,2472,5539,24543,5940,2020-04-01,10934,4032,39111,10335,16473,6504,01/04/2020
15477,4646,2767,6327,26131,6305,2020-04-02,12427,4503,41608,10951,18754,7270,02/04/2020
16104,4849,3105,7177,27302,6556,2020-04-03,14007,5091,43406,11405,21184,8196,03/04/2020
16360,4952,3370,8020,28003,6723,2020-04-04,15437,5532,44363,11675,23457,8902,04/04/2020
16715,5038,3594,8425,28747,6859,2020-04-05,16182,5889,45462,11897,24607,9483,05/04/2020
17109,5108,3949,9022,29569,6948,2020-04-06,17249,6494,46678,12056,26271,10443,06/04/2020
17189,5142,4302,10157,29871,7004,2020-04-07,19336,7091,47060,12146,29493,11393,07/04/2020
17247,5139,4624,11212,30217,7019,2020-04-08,21253,7632,47464,12158,32465,12256,08/04/2020
17301,5080,4882,12276,30608,6937,2020-04-09,23205,8044,47909,12017,35481,12926,09/04/2020
17374,5014,5208,13277,31108,6875,2020-04-10,24931,8598,48482,11889,38208,13806,10/04/2020
17263,4927,5402,14111,31159,6752,2020-04-11,26390,8943,48422,11679,40501,14345,11/04/2020
17406,4902,5588,14556,31665,6714,2020-04-12,27185,9253,49071,11616,41741,14841,12/04/2020
17487,4877,5786,14885,31952,6690,2020-04-13,27717,9588,49439,11567,42602,15374,13/04/2020
17460,4791,6092,15490,32131,6599,2020-04-14,28804,10129,49591,11390,44294,16221,14/04/2020
17079,4584,6364,16639,31623,6331,2020-04-15,30952,10643,48702,10915,47591,17007,15/04/2020
16775,4452,6585,17649,31172,6139,2020-04-16,32806,11053,47947,10591,50455,17638,16/04/2020
16603,4302,6827,18514,31061,5922,2020-04-17,34414,11470,47664,10224,52928,18297,17/04/2020
16210,4174,7028,19347,30515,5733,2020-04-18,35977,11834,46725,9907,55324,18862,18/04/2020
16160,4115,7153,19656,30486,5644,2020-04-19,36572,12061,46646,9759,56228,19214,19/04/2020
16068,4060,7407,20070,30462,5584,2020-04-20,37403,12505,46530,9644,57473,19912,20/04/2020
15647,3890,7636,20992,29984,5334,2020-04-21,39175,12892,45631,9224,60167,20528,21/04/2020
15406,3739,7825,21741,29627,5127,2020-04-22,40651,13225,45033,8866,62392,21050,22/04/2020
15043,3639,8003,22475,29113,4967,2020-04-23,42082,13536,44156,8606,64557,21539,23/04/2020
14731,3504,8179,23175,28554,4785,2020-04-24,43486,13841,43285,8289,66661,22020,24/04/2020
14430,3398,8294,23767,28119,4641,2020-04-25,44587,14039,42549,8039,68354,22333,25/04/2020
14405,3369,8386,23924,28114,4598,2020-04-26,44896,14191,42519,7967,68820,22577,26/04/2020
14315,3304,8559,24248,27954,4526,2020-04-27,45506,14486,42269,7830,69754,23045,27/04/2020
14105,3208,8677,24650,27607,4392,2020-04-28,46322,14676,41712,7600,70972,23353,28/04/2020
13691,3043,8933,25717,26736,4128,2020-04-29,48221,15041,40427,7171,73938,23974,29/04/2020
13358,2909,9034,26356,26192,3947,2020-04-30,49469,15231,39550,6856,75825,24265,30/04/2020
13111,2813,9105,26763,25809,3819,2020-05-01,50204,15350,38920,6632,76967,24455,01/05/2020
13063,2767,9177,26942,25751,3770,2020-05-02,50554,15468,38814,6537,77496,24645,02/05/2020
13056,2769,9232,27041,25739,3762,2020-05-03,50776,15564,38795,6531,77817,24796,03/05/2020
12924,2688,9358,27328,25472,3639,2020-05-04,51363,15807,38396,6327,78691,25165,04/05/2020
12566,2523,9471,27953,24701,3375,2020-05-05,52728,16041,37267,5898,80681,25512,05/05/2020
12163,2335,9582,28545,23912,3095,2020-05-06,53963,16218,36075,5430,82508,25800,06/05/2020
11716,2178,9671,29099,23139,2911,2020-05-07,55018,16367,34855,5089,84117,26038,07/05/2020
11464,2119,9755,29452,22657,2820,2020-05-08,55773,16478,34121,4939,85225,26233,08/05/2020
11382,2071,9807,29587,22547,2764,2020-05-09,56029,16554,33929,4835,85616,26361,09/05/2020
11333,2043,9844,29688,22502,2728,2020-05-10,56208,16623,33835,4771,85896,26467,10/05/2020
11205,1999,9937,29926,22219,2666,2020-05-11,56715,16801,33424,4665,86641,26738,11/05/2020
10860,1847,10041,30442,21530,2496,2020-05-12,57776,16984,32390,4343,88218,27025,12/05/2020
10640,1773,10093,30858,21009,2385,2020-05-13,58664,17082,31649,4158,89522,27175,13/05/2020
10325,1689,10160,31324,20401,2256,2020-05-14,59596,17205,30726,3945,90920,27365,14/05/2020
10033,1612,10221,31726,19801,2162,2020-05-15,60439,17323,29834,3774,92165,27544,15/05/2020
9811,1557,10263,32026,19372,2091,2020-05-16,61057,17393,29183,3648,93083,27656,16/05/2020
9778,1521,10295,32102,19302,2047,2020-05-17,61204,17447,29080,3568,93306,27742,17/05/2020
9581,1454,10370,32368,18956,1958,2020-05-18,61719,17570,28537,3412,94087,27940,18/05/2020
9308,1383,10439,32756,18409,1854,2020-05-19,62554,17695,27717,3237,95310,28134,19/05/2020
9051,1312,10485,33138,17882,1754,2020-05-20,63345,17793,26933,3066,96483,28278,20/05/2020
8882,1284,10516,33372,17527,1708,2020-05-21,63849,17851,26409,2992,97221,28367,21/05/2020
8760,1246,10565,33561,17327,1664,2020-05-22,64200,17925,26087,2910,97761,28490,22/05/2020
8653,1217,10590,33737,17122,1628,2020-05-23,64538,17968,25775,2845,98275,28558,23/05/2020
8647,1207,10613,33779,17129,1618,2020-05-24,64608,18003,25776,2825,98387,28616,24/05/2020
8455,1165,10676,34041,16742,1572,2020-05-25,65190,18093,25197,2737,99231,28769,25/05/2020
8182,1127,10720,34364,16209,1519,2020-05-26,65870,18175,24391,2646,100234,28895,26/05/2020
7898,1092,10753,34695,15627,1467,2020-05-27,66575,18240,23525,2559,101270,28993,27/05/2020
7668,1041,10795,34970,15155,1395,2020-05-28,67182,18306,22823,2436,102152,29101,28/05/2020
7418,989,10829,35258,14643,1328,2020-05-29,67794,18367,22061,2317,103052,29196,29/05/2020
7256,955,10861,35489,14329,1293,2020-05-30,68259,18424,21585,2248,103748,29285,30/05/2020
7220,955,10880,35542,14271,1287,2020-05-31,68346,18455,21491,2242,103888,29335,31/05/2020
7196,939,10897,35593,14237,1270,2020-06-01,68431,18486,21433,2209,104024,29383,01/06/2020
7047,902,10938,35800,13978,1221,2020-06-02,68803,18570,21025,2123,104603,29508,02/06/2020
6825,868,10978,36079,13465,1179,2020-06-03,69446,18651,20290,2047,105525,29629,03/06/2020
6611,832,11001,36350,13054,1133,2020-06-04,69967,18695,19665,1965,106317,29696,04/06/2020
6397,781,11027,36619,12650,1065,2020-06-05,70494,18741,19047,1846,107113,29768,05/06/2020
6287,762,11038,36773,12433,1030,2020-06-06,70796,18772,18720,1792,107569,29810,06/06/2020
6280,758,11046,36787,12415,1024,2020-06-07,70832,18785,18695,1782,107619,29831,07/06/2020
6202,735,11080,36890,12269,995,2020-06-08,71052,18839,18471,1730,107942,29919,08/06/2020
6018,683,11110,37110,11915,926,2020-06-09,71496,18892,17933,1609,108606,30002,09/06/2020
5889,656,11120,37258,11632,904,2020-06-10,71822,18915,17521,1560,109080,30035,10/06/2020
5785,632,11132,37413,11420,875,2020-06-11,72139,18942,17205,1507,109552,30074,11/06/2020
5614,611,11147,37617,11079,851,2020-06-12,72562,18970,16693,1462,110179,30117,12/06/2020
5506,604,11161,37733,10864,843,2020-06-13,72798,18994,16370,1447,110531,30155,13/06/2020
5491,600,11165,37759,10836,841,2020-06-14,72849,19003,16327,1441,110608,30168,14/06/2020
5425,584,11185,37838,10707,818,2020-06-15,73034,19032,16132,1402,110872,30217,15/06/2020
5318,567,11209,37972,10490,792,2020-06-16,73325,19070,15808,1359,111297,30279,16/06/2020
5179,536,11227,38137,10222,744,2020-06-17,73657,19098,15401,1280,111794,30325,17/06/2020
5102,521,11245,38238,10080,724,2020-06-18,73877,19126,15182,1245,112115,30371,18/06/2020
5037,507,11251,38339,9925,699,2020-06-19,74107,19140,14962,1206,112446,30391,19/06/2020
4961,500,11263,38443,9792,687,2020-06-20,74302,19156,14753,1187,112745,30419,20/06/2020
4951,500,11265,38474,9778,687,2020-06-21,74362,19163,14729,1187,112836,30428,21/06/2020
4896,494,11277,38589,9648,673,2020-06-22,74602,19186,14544,1167,113191,30463,22/06/2020
4792,480,11293,38713,9446,654,2020-06-23,74861,19212,14238,1134,113574,30505,23/06/2020
4690,460,11300,38839,9254,630,2020-06-24,75117,19223,13944,1090,113956,30523,24/06/2020
4621,455,11310,38949,9096,623,2020-06-25,75341,19244,13717,1078,114290,30554,25/06/2020
4505,447,11325,39079,8841,606,2020-06-26,75639,19270,13346,1053,114718,30595,26/06/2020
4435,438,11334,39156,8715,594,2020-06-27,75803,19285,13150,1032,114959,30619,27/06/2020
4441,439,11335,39172,8727,594,2020-06-28,75833,19287,13168,1033,115005,30622,28/06/2020
4396,428,11344,39256,8643,591,2020-06-29,75989,19305,13039,1019,115245,30649,29/06/2020
4304,415,11355,39403,8491,574,2020-06-30,76264,19326,12795,989,115667,30681,30/06/2020
4191,401,11363,39558,8291,554,2020-07-01,76539,19344,12482,955,116097,30707,01/07/2020
4087,393,11371,39690,8103,545,2020-07-02,76792,19358,12190,938,116482,30729,02/07/2020
4010,385,11380,39811,7946,533,2020-07-03,77049,19376,11956,918,116860,30756,03/07/2020
3970,372,11387,39861,7863,517,2020-07-04,77160,19388,11833,889,117021,30775,04/07/2020
3970,374,11388,39873,7863,521,2020-07-05,77179,19390,11833,895,117052,30778,05/07/2020
3941,370,11392,39933,7806,521,2020-07-06,77308,19403,11747,891,117241,30795,06/07/2020
3804,361,11406,40108,7550,511,2020-07-07,77644,19437,11354,872,117752,30843,07/07/2020
3670,361,11422,40265,7254,503,2020-07-08,77985,19469,10924,864,118250,30891,08/07/2020
3625,354,11431,40344,7134,486,2020-07-09,78159,19483,10759,840,118503,30914,09/07/2020
3565,339,11443,40454,7020,471,2020-07-10,78377,19508,10585,810,118831,30951,10/07/2020
3548,336,11446,40494,6995,470,2020-07-11,78454,19514,10543,806,118948,30960,11/07/2020
3541,335,11446,40510,6991,473,2020-07-12,78486,19515,10532,808,118996,30961,12/07/2020
3521,329,11458,40556,6941,467,2020-07-13,78586,19533,10462,796,119142,30991,13/07/2020
3504,327,11461,40596,6907,465,2020-07-14,78670,19539,10411,792,119266,31000,14/07/2020
3480,324,11472,40670,6873,457,2020-07-15,78809,19559,10353,781,119479,31031,15/07/2020
3421,325,11481,40766,6754,456,2020-07-16,79025,19577,10175,781,119791,31058,16/07/2020
3375,324,11488,40861,6646,452,2020-07-17,79233,19591,10021,776,120094,31079,17/07/2020
3367,325,11492,40898,6614,450,2020-07-18,79322,19599,9981,775,120220,31091,18/07/2020
3345,326,11493,40933,6583,448,2020-07-19,79384,19600,9928,774,120317,31093,19/07/2020
3331,318,11504,41004,6547,442,2020-07-20,79530,19616,9878,760,120534,31120,20/07/2020
3273,310,11513,41108,6440,430,2020-07-21,79723,19629,9713,740,120831,31142,21/07/2020
3198,306,11515,41236,6324,420,2020-07-22,79946,19636,9522,726,121182,31151,22/07/2020
3021,294,11523,41456,5915,411,2020-07-23,80461,19646,8936,705,121917,31169,23/07/2020
2906,277,11530,41625,5678,385,2020-07-24,80804,19656,8584,662,122429,31186,24/07/2020
2871,269,11536,41689,5634,368,2020-07-25,80915,19664,8505,637,122604,31200,25/07/2020
2870,268,11537,41700,5640,367,2020-07-26,80947,19665,8510,635,122647,31202,26/07/2020
2859,277,11542,41763,5614,374,2020-07-27,81071,19673,8473,651,122834,31215,27/07/2020
2813,267,11552,41869,5510,361,2020-07-28,81300,19688,8323,628,123169,31240,28/07/2020
2769,265,11557,41962,5409,356,2020-07-29,81489,19703,8178,621,123451,31260,29/07/2020
2729,265,11566,42043,5334,357,2020-07-30,81656,19719,8063,622,123699,31285,30/07/2020
2693,254,11573,42138,5257,347,2020-07-31,81870,19730,7950,601,124008,31303,31/07/2020
2655,250,11576,42205,5177,344,2020-08-01,82016,19736,7832,594,124221,31312,01/08/2020
2657,251,11576,42215,5188,345,2020-08-02,82029,19737,7845,596,124244,31313,02/08/2020
2645,259,11591,42277,5157,360,2020-08-03,82155,19759,7802,619,124432,31350,03/08/2020
2637,256,11597,42343,5121,364,2020-08-04,82307,19770,7758,620,124650,31367,04/08/2020
2634,254,11600,42415,5107,360,2020-08-05,82449,19779,7741,614,124864,31379,05/08/2020
2583,254,11603,42529,5019,366,2020-08-06,82659,19786,7602,620,125188,31389,06/08/2020
2573,259,11612,42603,4970,359,2020-08-07,82825,19798,7543,618,125428,31410,07/08/2020
2575,262,11614,42636,4981,366,2020-08-08,82881,19800,7556,628,125517,31414,08/08/2020
2579,262,11614,42640,4992,368,2020-08-09,82886,19800,7571,630,125526,31414,09/08/2020
2579,259,11623,42719,5004,372,2020-08-10,83036,19814,7583,631,125755,31437,10/08/2020
2566,255,11632,42813,4971,367,2020-08-11,83226,19829,7537,622,126039,31461,11/08/2020
2533,244,11639,42918,4850,355,2020-08-12,83461,19846,7383,599,126379,31485,12/08/2020
2502,241,11648,43021,4824,351,2020-08-13,83651,19863,7326,592,126672,31511,13/08/2020
2472,236,11659,43118,4788,344,2020-08-14,83836,19881,7260,580,126954,31540,14/08/2020
2494,242,11660,43132,4817,353,2020-08-15,83880,19884,7311,595,127012,31544,15/08/2020
2497,241,11660,43144,4820,353,2020-08-16,83909,19885,7317,594,127053,31545,16/08/2020
2522,247,11670,43221,4885,361,2020-08-17,84053,19904,7407,608,127274,31574,17/08/2020
2477,247,11679,43338,4783,357,2020-08-18,84297,19920,7260,604,127635,31599,18/08/2020
2456,248,11688,43423,4781,362,2020-08-19,84440,19937,7237,610,127863,31625,19/08/2020
2455,256,11692,43498,4723,368,2020-08-20,84615,19949,7178,624,128113,31641,20/08/2020
2463,251,11706,43583,4720,367,2020-08-21,84802,19972,7183,618,128385,31678,21/08/2020
2448,249,11710,43639,4685,368,2020-08-22,84923,19980,7133,617,128562,31690,22/08/2020
2453,251,11711,43646,4683,371,2020-08-23,84946,19981,7136,622,128592,31692,23/08/2020
2460,266,11721,43753,4664,387,2020-08-24,85172,19996,7124,653,128925,31717,24/08/2020
2423,272,11734,43923,4578,401,2020-08-25,85494,20016,7001,673,129417,31750,25/08/2020
2394,259,11747,44046,4535,373,2020-08-26,85731,20034,6929,632,129777,31781,26/08/2020
2388,258,11758,44153,4517,375,2020-08-27,85954,20046,6905,633,130107,31804,27/08/2020
2378,260,11768,44264,4517,381,2020-08-28,86147,20065,6895,641,130411,31833,28/08/2020
2388,265,11772,44318,4512,394,2020-08-29,86268,20071,6900,659,130586,31843,29/08/2020
2385,265,11775,44330,4517,396,2020-08-30,86280,20075,6902,661,130610,31850,30/08/2020
2401,269,11795,44415,4564,403,2020-08-31,86439,20104,6965,672,130854,31899,31/08/2020
2413,277,11809,44546,4586,418,2020-09-01,86682,20123,6999,695,131228,31932,01/09/2020
2439,298,11819,44670,4614,440,2020-09-02,86933,20148,7053,738,131603,31967,02/09/2020
2446,316,11831,44803,4625,458,2020-09-03,87176,20168,7071,774,131979,31999,03/09/2020
2446,321,11843,44933,4653,467,2020-09-04,87417,20186,7099,788,132350,32029,04/09/2020
2452,326,11850,44998,4667,476,2020-09-05,87549,20198,7119,802,132547,32048,05/09/2020
2471,329,11852,45014,4697,480,2020-09-06,87578,20201,7168,809,132592,32053,06/09/2020
2571,363,11866,45142,4889,531,2020-09-07,87806,20226,7460,894,132948,32092,07/09/2020
2609,390,11887,45345,4942,568,2020-09-08,88196,20265,7551,958,133541,32152,08/09/2020
2635,409,11901,45508,4985,593,2020-09-09,88494,20295,7620,1002,134002,32196,09/09/2020
2680,420,11912,45629,5077,608,2020-09-10,88712,20314,7757,1028,134341,32226,10/09/2020
2737,435,11933,45779,5136,628,2020-09-11,89029,20354,7873,1063,134808,32287,11/09/2020
2748,448,11943,45876,5176,655,2020-09-12,89201,20371,7924,1103,135077,32314,12/09/2020
2778,457,11946,45900,5228,662,2020-09-13,89240,20377,8006,1119,135140,32323,13/09/2020
2926,481,11962,46026,5479,705,2020-09-14,89477,20411,8405,1186,135503,32373,14/09/2020
3015,504,11984,46220,5660,752,2020-09-15,89861,20447,8675,1256,136081,32431,15/09/2020
3096,542,12013,46456,5800,796,2020-09-16,90305,20493,8896,1338,136761,32506,16/09/2020
3116,555,12049,46722,5825,793,2020-09-17,90810,20543,8941,1348,137532,32592,17/09/2020
3127,581,12098,47048,5800,820,2020-09-18,91544,20665,8927,1401,138592,32763,18/09/2020
2999,588,12111,47392,5493,827,2020-09-19,92289,20690,8492,1415,139681,32801,19/09/2020
2936,595,12118,47514,5356,834,2020-09-20,92552,20701,8292,1429,140066,32819,20/09/2020
3079,645,12148,47734,5597,912,2020-09-21,92978,20754,8676,1557,140712,32902,21/09/2020
3194,654,12186,48011,5777,944,2020-09-22,93508,20821,8971,1598,141519,33007,22/09/2020
3289,681,12214,48246,5913,995,2020-09-23,93952,20864,9202,1676,142198,33078,23/09/2020
3329,714,12242,48481,6012,1041,2020-09-24,94383,20916,9341,1755,142864,33158,24/09/2020
3351,747,12276,48771,6110,1092,2020-09-25,94860,20971,9461,1839,143631,33247,25/09/2020
3398,767,12300,48988,6154,1105,2020-09-26,95272,21010,9552,1872,144260,33310,26/09/2020
3444,774,12317,49057,6235,1112,2020-09-27,95395,21037,9679,1886,144452,33354,27/09/2020
3512,801,12366,49241,6397,1158,2020-09-28,95743,21118,9909,1959,144984,33484,28/09/2020
3576,835,12400,49539,6482,1198,2020-09-29,96296,21177,10058,2033,145835,33577,29/09/2020
3586,863,12434,49824,6572,1232,2020-09-30,96766,21240,10158,2095,146590,33674,30/09/2020
3639,877,12471,50065,6634,1259,2020-10-01,97240,21303,10273,2136,147305,33774,01/10/2020
3694,896,12496,50339,6740,1270,2020-10-02,97747,21350,10434,2166,148086,33846,02/10/2020
3690,907,12522,50559,6740,1289,2020-10-03,98199,21393,10430,2196,148758,33915,03/10/2020
3817,936,12536,50638,6964,1335,2020-10-04,98343,21425,10781,2271,148981,33961,04/10/2020
3975,991,12578,50812,7276,1409,2020-10-05,98649,21494,11251,2400,149461,34072,05/10/2020
4055,1001,12612,51124,7377,1417,2020-10-06,99264,21556,11432,2418,150388,34168,06/10/2020
4148,1004,12662,51398,7514,1406,2020-10-07,99762,21636,11662,2410,151160,34298,07/10/2020
4195,1012,12708,51647,7603,1418,2020-10-08,100275,21712,11798,2430,151922,34420,08/10/2020
4287,1030,12749,51927,7843,1439,2020-10-09,100797,21774,12130,2469,152724,34523,09/10/2020
4361,1041,12785,52166,7976,1456,2020-10-10,101280,21828,12337,2497,153446,34613,10/10/2020
4488,1057,12812,52261,8231,1483,2020-10-11,101460,21874,12719,2540,153721,34686,11/10/2020
4698,1097,12866,52470,8671,1539,2020-10-12,101868,21969,13369,2636,154338,34835,12/10/2020
4866,1165,12920,52871,8928,1633,2020-10-13,102649,22053,13794,2798,155520,34973,13/10/2020
4961,1195,12991,53267,9173,1664,2020-10-14,103382,22157,14134,2859,156649,35148,14/10/2020
5167,1257,13045,53614,9584,1741,2020-10-15,104051,22245,14751,2998,157665,35290,15/10/2020
5402,1286,13116,53916,10021,1791,2020-10-16,104665,22367,15423,3077,158581,35483,16/10/2020
5591,1341,13165,54187,10399,1868,2020-10-17,105163,22456,15990,3209,159350,35621,17/10/2020
5886,1386,13216,54300,10897,1939,2020-10-18,105400,22541,16783,3325,159700,35757,18/10/2020
6252,1489,13306,54580,11640,2090,2020-10-19,105904,22687,17892,3579,160484,35993,19/10/2020
6655,1535,13406,55056,12435,2168,2020-10-20,106808,22849,19090,3703,161864,36255,20/10/2020
7039,1585,13502,55492,13162,2239,2020-10-21,107621,23012,20201,3824,163113,36514,21/10/2020
7438,1638,13597,56005,14009,2310,2020-10-22,108568,23174,21447,3948,164573,36771,22/10/2020
7923,1724,13699,56478,14985,2432,2020-10-23,109455,23358,22908,4156,165933,37057,23/10/2020
8207,1765,13780,56927,15637,2491,2020-10-24,110291,23495,23844,4256,167218,37275,24/10/2020
8644,1831,13853,57121,16454,2575,2020-10-25,110629,23611,25098,4406,167750,37464,25/10/2020
9353,1957,14004,57463,17761,2761,2020-10-26,111316,23868,27114,4718,168779,37872,26/10/2020
10010,2056,14167,58168,18955,2909,2020-10-27,112685,24156,28965,4965,170853,38323,27/10/2020
10684,2167,14293,58826,20184,3036,2020-10-28,113946,24400,30868,5203,172772,38693,28/10/2020
11190,2253,14441,59506,21160,3147,2020-10-29,115256,24635,32350,5400,174762,39076,29/10/2020
11684,2412,14579,60138,22153,3368,2020-10-30,116502,24890,33837,5780,176640,39469,30/10/2020
12143,2479,14721,60704,23013,3443,2020-10-31,117563,25113,35156,5922,178267,39834,31/10/2020
12677,2560,14863,61050,24008,3569,2020-11-01,118196,25344,36685,6129,179246,40207,01/11/2020
13271,2656,15105,61535,25120,3721,2020-11-02,119073,25760,38391,6377,180608,40865,02/11/2020
13872,2781,15365,62362,26242,3869,2020-11-03,120683,26186,40114,6650,183045,41551,03/11/2020
14512,2941,15583,63396,27511,4080,2020-11-04,122631,26571,42023,7021,186027,42154,04/11/2020
15004,3061,15797,64217,28403,4221,2020-11-05,124247,26934,43407,7282,188464,42731,05/11/2020
15282,3140,16036,65258,28955,4321,2020-11-06,126298,27332,44237,7461,191556,43368,06/11/2020
15482,3195,16217,66087,29396,4410,2020-11-07,127907,27636,44878,7605,193994,43853,07/11/2020
15926,3266,16384,66441,30217,4527,2020-11-08,128583,27906,46143,7793,195024,44290,08/11/2020
16443,3399,16693,67030,31098,4677,2020-11-09,129704,28454,47541,8076,196734,45147,09/11/2020
16651,3449,16964,68118,31477,4736,2020-11-10,131889,28920,48128,8185,200007,45884,10/11/2020
16843,3472,17160,69081,31918,4789,2020-11-11,133665,29248,48761,8261,202746,46408,11/11/2020
17221,3547,17411,69882,32654,4884,2020-11-12,134923,29673,49875,8431,204805,47084,12/11/2020
17209,3539,17674,71022,32676,4887,2020-11-13,137124,30129,49885,8426,208146,47803,13/11/2020
16941,3495,17897,72084,32468,4855,2020-11-14,139110,30483,49409,8350,211194,48380,14/11/2020
17184,3520,18091,72449,33050,4880,2020-11-15,139779,30785,50234,8400,212228,48876,15/11/2020
17350,3543,18374,73004,33466,4903,2020-11-16,140849,31291,50816,8446,213853,49665,16/11/2020
17035,3482,18626,74251,33139,4838,2020-11-17,143121,31719,50174,8320,217372,50345,17/11/2020
16798,3411,18863,75419,32811,4759,2020-11-18,145360,32144,49609,8170,220779,51007,18/11/2020
16513,3314,19092,76547,32314,4637,2020-11-19,147538,32573,48827,7951,224085,51665,19/11/2020
16275,3271,19328,77492,31875,4566,2020-11-20,149490,32954,48150,7837,226982,52282,20/11/2020
15948,3230,19475,78382,31365,4493,2020-11-21,151146,33207,47313,7723,229528,52682,21/11/2020
15973,3217,19614,78641,31522,4491,2020-11-22,151650,33421,47495,7708,230291,53035,22/11/2020
15897,3184,19907,79072,31449,4438,2020-11-23,152561,33921,47346,7622,231633,53828,23/11/2020
15473,3086,20175,80131,30594,4277,2020-11-24,154648,34374,46067,7363,234779,54549,24/11/2020
15137,2991,20393,81018,29944,4136,2020-11-25,156521,34755,45081,7127,237539,55148,25/11/2020
14798,2910,20575,81831,29282,4006,2020-11-26,158205,35094,44080,6916,240036,55669,26/11/2020
14398,2813,20809,82651,28620,3871,2020-11-27,159884,35487,43018,6684,242535,56296,27/11/2020
14089,2735,20938,83260,28139,3765,2020-11-28,161106,35700,42228,6500,244366,56638,28/11/2020
14119,2725,21057,83431,28284,3744,2020-11-29,161396,35898,42403,6469,244827,56955,29/11/2020
14049,2733,21290,83859,28229,3739,2020-11-30,162250,36304,42278,6472,246109,57594,30/11/2020
13709,2633,21512,84692,27611,3594,2020-12-01,163998,36667,41320,6227,248690,58179,01/12/2020
13376,2535,21706,85410,26986,3478,2020-12-02,165532,36976,40362,6013,250942,58682,02/12/2020
13178,2481,21884,86064,26675,3415,2020-12-03,166909,37300,39853,5896,252973,59184,03/12/2020
12965,2387,22048,86724,26283,3283,2020-12-04,168321,37582,39248,5670,255045,59630,04/12/2020
12832,2345,22174,87187,26040,3220,2020-12-05,169327,37796,38872,5565,256514,59970,05/12/2020
12911,2338,22280,87314,26262,3210,2020-12-06,169555,37970,39173,5548,256869,60250,06/12/2020
12891,2310,22493,87657,26333,3188,2020-12-07,170254,38336,39224,5498,257911,60829,07/12/2020
12641,2235,22697,88393,25882,3078,2020-12-08,171837,38713,38523,5313,260230,61410,08/12/2020
12517,2200,22854,88996,25526,3031,2020-12-09,173216,39009,38043,5231,262212,61863,09/12/2020
12339,2121,23028,89618,25199,2949,2020-12-10,174627,39301,37538,5070,264245,62329,10/12/2020
12205,2064,23208,90185,24943,2874,2020-12-11,175860,39605,37148,4938,266045,62813,11/12/2020
12157,2048,23322,90609,24948,2851,2020-12-12,176712,39799,37105,4899,267321,63121,12/12/2020
12268,2035,23408,90723,25207,2861,2020-12-13,176964,39949,37475,4896,267687,63357,13/12/2020
12364,2059,23603,91060,25449,2896,2020-12-14,177616,40320,37813,4955,268676,63923,14/12/2020
12263,2041,23768,91728,25207,2871,2020-12-15,179056,40627,37470,4912,270784,64395,15/12/2020
12298,2015,23929,92282,25282,2840,2020-12-16,180280,40916,37580,4855,272562,64845,16/12/2020
12207,2001,24071,92846,25149,2798,2020-12-17,181475,41174,37356,4799,274321,65245,17/12/2020
12055,1964,24220,93434,24945,2764,2020-12-18,182634,41429,37000,4728,276068,65649,18/12/2020
12007,1927,24327,93848,24819,2718,2020-12-19,183540,41618,36826,4645,277388,65945,19/12/2020
12108,1946,24404,93958,24961,2745,2020-12-20,183775,41749,37069,4691,277733,66153,20/12/2020
12211,1932,24600,94255,25201,2737,2020-12-21,184433,42100,37412,4669,278688,66700,21/12/2020
12060,1912,24816,94989,24932,2719,2020-12-22,186027,42481,36992,4631,281016,67297,22/12/2020
11967,1897,24955,95564,24852,2701,2020-12-23,187241,42757,36819,4598,282805,67712,23/12/2020
11807,1856,25117,96184,24607,2643,2020-12-24,188608,43047,36414,4499,284792,68164,24/12/2020
11671,1834,25208,96578,24359,2616,2020-12-25,189414,43206,36030,4450,285992,68414,25/12/2020
11733,1853,25277,96722,24444,2640,2020-12-26,189687,43352,36177,4493,286409,68629,26/12/2020
11821,1870,25381,96842,24620,2650,2020-12-27,189910,43525,36441,4520,286752,68906,27/12/2020
11812,1898,25584,97207,24645,2694,2020-12-28,190691,43888,36457,4592,287898,69472,28/12/2020
11865,1882,25803,97702,24743,2666,2020-12-29,191775,44272,36608,4548,289477,70075,29/12/2020
11815,1856,25973,98241,24560,2652,2020-12-30,193014,44575,36375,4508,291255,70548,30/12/2020
11703,1843,26118,98802,24407,2625,2020-12-31,194190,44826,36110,4468,292992,70944,31/12/2020
11641,1830,26188,99094,24263,2609,2021-01-01,194870,44959,35904,4439,293964,71147,01/01/2021
11738,1846,26282,99227,24458,2632,2021-01-02,195143,45115,36196,4478,294370,71397,02/01/2021
11882,1864,26353,99328,24780,2665,2021-01-03,195355,45231,36662,4529,294683,71584,03/01/2021
11973,1850,26560,99626,24962,2657,2021-01-04,196006,45609,36935,4507,295632,72169,04/01/2021
11925,1813,26755,100339,24871,2616,2021-01-05,197472,45954,36796,4429,297811,72709,05/01/2021
11812,1790,26914,100939,24708,2607,2021-01-06,198725,46237,36520,4397,299664,73151,06/01/2021
11767,1773,27069,101506,24488,2573,2021-01-07,200048,46513,36255,4346,301554,73582,07/01/2021
11717,1797,27219,102061,24377,2606,2021-01-08,201255,46789,36094,4403,303316,74008,08/01/2021
11644,1787,27301,102489,24240,2600,2021-01-09,202134,46957,35884,4387,304623,74258,09/01/2021
11784,1804,27392,102632,24526,2620,2021-01-10,202398,47108,36310,4424,305030,74500,10/01/2021
11933,1830,27563,102934,24812,2666,2021-01-11,203041,47418,36745,4496,305975,74981,11/01/2021
11902,1833,27766,103519,24703,2678,2021-01-12,204359,47773,36605,4511,307878,75539,12/01/2021
11956,1836,27903,104099,24735,2701,2021-01-13,205641,48002,36691,4537,309740,75905,13/01/2021
12127,1845,28056,104599,24983,2716,2021-01-14,206771,48284,37110,4561,311370,76340,14/01/2021
12194,1866,28200,105192,25009,2730,2021-01-15,208040,48564,37203,4596,313232,76764,15/01/2021
12204,1864,28307,105640,24985,2731,2021-01-16,209025,48757,37189,4595,314665,77064,16/01/2021
12339,1883,28400,105773,25235,2766,2021-01-17,209312,48898,37574,4649,315085,77298,17/01/2021
12526,1905,28625,106199,25584,2803,2021-01-18,210169,49301,38110,4708,316368,77926,18/01/2021
12510,1953,28815,106982,25532,2829,2021-01-19,211785,49670,38042,4782,318767,78485,19/01/2021
12530,1949,28989,107698,25650,2842,2021-01-20,213211,49980,38180,4791,320909,78969,20/01/2021
12554,1972,29179,108313,25699,2866,2021-01-21,214507,50326,38253,4838,322820,79505,21/01/2021
12628,2003,29357,108939,25872,2902,2021-01-22,215791,50645,38500,4905,324730,80002,22/01/2021
12637,2007,29479,109398,25864,2886,2021-01-23,216694,50875,38501,4893,326092,80354,23/01/2021
12856,2041,29582,109525,26357,2955,2021-01-24,216934,51047,39213,4996,326459,80629,24/01/2021
13117,2104,29825,109871,26888,3031,2021-01-25,217677,51492,40005,5135,327548,81317,25/01/2021
13229,2139,30010,110564,27005,3071,2021-01-26,219121,51842,40234,5210,329685,81852,26/01/2021
13359,2161,30213,111222,27131,3097,2021-01-27,220539,52192,40490,5258,331761,82405,27/01/2021
13330,2166,30415,111887,27128,3101,2021-01-28,221872,52536,40458,5267,333759,82951,28/01/2021
13444,2176,30608,112493,27270,3120,2021-01-29,223143,52891,40714,5296,335636,83499,29/01/2021
13426,2169,30742,112970,27242,3103,2021-01-30,224089,53133,40668,5272,337059,83875,30/01/2021
